1	载人仓	1	zairencang	1	游戏中最基础的模块，主要控制模块之一，不需要搭载燃料使用	4	0	0	5	0	0	0	0	0	0	0
2	降落伞	1	jiangluosan	1	可在着陆时提供缓冲作用	0.5	0	0	0	0	0	0	0	0	0	0
3	小型燃料块（小）	1	xiaoranliaokuai1	1	游戏中最小的燃料模块，可为引擎提供动力	5	4.5	0	0	0	0	0	0	0	0	0
4	小型燃料块（中）	1	xiaoranliaokuai2	1	游戏中最小的燃料模块，可为引擎提供动力	10	9	0	0	0	0	0	0	0	0	0
5	小型燃料块（大）	1	xiaoranliaokuai3	1	游戏中最小的燃料模块，可为引擎提供动力	20	18	0	0	0	0	0	0	0	0	0
6	鹰发动机	1	yinfadongji	1	一种高推力低效率发动机，通常用于火箭第一级	4	0	115	0	0	0	250	0	0.468	0	0
7	宽边低频发动机	1	dipinfadongji	1	低推力高效率发动机，适合不需要推力的外太空	2.5	0	40	0	0	0	281	0	0.145	0	0
8	垂直分类器	1	chuizhifenleiqi	1	用于分离火箭箭体	0.3	0	0	0	0	400	0	0	0	0	0
9	侧分离器	1	cefenliqi	1	用于分离侧火箭助推器	0.3	0	0	0	0	0	0	0	0	0	0
10	着陆腿	1	zhuolutui	1	可伸展脚架，用于降落于行星表面	0.5	0	0	0	0	0	0	0	0	0	0
11	空气动力学鼻锥	1	kqdlbitui	1	减少侧助推器的空气阻力，增加速度	0.25	0	0	0	0	0	0	0	0	0	0
12	小漫游者轮	1	xiaomanyouzhelun	1	用于地面任务，小轮更适合外太空星球	0.4	0	0	0	1	0	0	6	0	0	0
13	对接器口（小）	1	duijiekouxiao	1	用于太空站、车辆对接，可通过对接充能补充能源	0.25	0	0	0	0	0	0	0	0	0	0
14	RCS推进器	1	RCStuijinqi	1	可实现姿态调整轨道微调，常用于对接	0.04	0	7.5	0	0	0	153	0	0	0	0
15	天发动机	2	tianfadongji	2	高推力低效率，常用于起飞推进	10	0	300	0	0	0	244	0	1.25	0	0
16	前沿发动机	2	qianyanfadongji	2	高效低推力，适合起飞后做轨道调整	8	0	112	0	0	0	285	0	0.4	0	0
17	中型燃油箱（小）	3	zhongxingranyouxiang1	2	适用二级火箭，搭载更多燃料	7.5	6.78	0	0	0	0	0	0	0	0	0
18	中型燃油箱（中）	3	zhongxingranyouxiang2	2	适用二级火箭，搭载更多燃料	15	13.5	0	0	0	0	0	0	0	0	0
19	中型燃油箱（大）	3	zhongxingranyouxiang3	2	适用二级火箭，搭载更多燃料	52.5	47.25	0	0	0	0	0	0	0	0	0
20	分离器（中）	3	fengliqi_zhong	2	适用二级火箭，拥有更大的分离力	0.45	0	0	0	0	600	0	0	0	0	0
21	大型燃油箱（小）	2	daxingranyouxiang1	3	适用于三级火箭，搭载更多燃料	10	9	0	0	0	0	0	0	0	0	0
22	大型燃油箱（中）	2	daxingranyouxiang2	3	适用于三级火箭，搭载更多燃料	20	18	0	0	0	0	0	0	0	0	0
23	大型燃油箱（大）	2	daxingranyouxiang3	3	适用于三级火箭，搭载更多燃料	60	54	0	0	0	0	0	0	0	0	0
24	分离器（大）	2	fengliqi_da	3	适用于三级火箭，拥有更大的分离力	0.6	0	0	0	0	800	0	0	0	0	0
25	超大型燃油箱（小）	4	chaodaranyouxiang1	4	适用于四级火箭，搭载更多燃料	12.5	11.25	0	0	0	0	0	0	0	0	0
26	超大型燃油箱（中）	4	chaodaranyouxiang2	4	适用于四级火箭，搭载更多燃料	25	22.5	0	0	0	0	0	0	0	0	0
27	超大型燃油箱（大）	4	chaodaranyouxiang3	4	适用于四级火箭，搭载更多燃料	75	67.5	0	0	0	0	0	0	0	0	0
28	分离器（超大）	4	fengliqi_chaoda	4	适用于四级火箭，拥有更大的分离力	0.75	0	0	0	0	1000	0	0	0	0	0
29	巨型燃油箱（小）	5	juxingranyouxiang1	5	适用于五级火箭，搭载更多燃料	15	13.5	0	0	0	0	0	0	0	0	0
30	巨型燃油箱（中）	5	juxingranyouxiang2	5	适用于五级火箭，搭载更多燃料	30	27	0	0	0	0	0	0	0	0	0
31	巨型燃油箱（大）	5	juxingranyouxiang3	5	适用于五级火箭，搭载更多燃料	90	81	0	0	0	0	0	0	0	0	0
32	巨型分离器	5	fengliqi_juxing	5	适用于五级火箭，拥有更大的分离力	0.9	0	0	0	0	1200	0	0	0	0	0
33	空气动力学鼻锥（倾斜）	6	kqdlbitui_qingxie	1	减少侧助推器的空气阻力，增加速度	0.25	0	0	0	0	0	0	0	0	0	0
34	空气动力机身	6	kqdljishen	1	减少空气阻力增加速度，通常用于发动机	0.2	0	0	0	0	0	0	0	0	0	0
35	空气动力学鼻锥（大）	6	kqdlbitui_da	2	减少侧助推器的空气阻力，增加速度	0.8	0	0	0	0	0	0	0	0	0	0
36	空气动力机身	6	kqdljishen2	2	减少空气阻力增加速度，通常用于发动机	0.3	0	0	0	0	0	0	0	0	0	0
37	整流罩（1）	6	zhengliuzhao1	1	可用于包裹火箭箭体以获得更好的空气动力	0.2	0	0	0	0	0	0	0	0	0	0
38	整流罩（2）	6	zhengliuzhao2	1	可用于包裹火箭箭体以获得更好的空气动力	0.2	0	0	0	0	0	0	0	0	0	0
39	整流罩（3）	6	zhengliuzhao3	2	可用于包裹火箭箭体以获得更好的空气动力	0.2	0	0	0	0	0	0	0	0	0	0
40	整流罩（4）	6	zhengliuzhao4	3	可用于包裹火箭箭体以获得更好的空气动力	0.2	0	0	0	0	0	0	0	0	0	0
41	整流罩（5）	6	zhengliuzhao5	3	可用于包裹火箭箭体以获得更好的空气动力	0.2	0	0	0	0	0	0	0	0	0	0
42	整流罩（6）	6	zhengliuzhao6	4	可用于包裹火箭箭体以获得更好的空气动力	0.2	0	0	0	0	0	0	0	0	0	0
43	整流罩（7）	6	zhengliuzhao7	5	可用于包裹火箭箭体以获得更好的空气动力	0.2	0	0	0	0	0	0	0	0	0	0
44	电池（小）	7	dianchi1	1	可为部分功能提供电力，也可储存电力	0.5	0	0	0	100	0	0	0	0	0	0
45	电池（中）	7	dianchi2	1	可为部分功能提供电力，也可储存电力	1	0	0	0	200	0	0	0	0	0	0
46	电池（大）	7	dianchi3	2	可为部分功能提供电力，也可储存电力	1.5	0	0	0	300	0	0	0	0	0	0
47	离子发动机	7	lizifadongji	1	消耗极低的燃料，部分电量，拥有极高的效率和较低的推力，适合外太空推进	0.6	0	2	0	0	0	1020	0	0	2	0
48	电池板	7	dianchiban	1	展开后可通过光能转换收集电力	1	0	0	0	0	0	0	0	0	0	1
49	电池板阵列	7	dianchibanzhenlie	2	展开后可通过光能转换收集电力	2	0	0	0	0	0	0	0	0	0	2
50	RTG	7	RTG	1	放射性同位素热电式发电机可通过核反应自行发电	1	0	0	0	0	0	0	0	0	0	0.5
51	蚱蜢低频发动机	8	zhamengdipin	1	常用于变轨或着陆缓冲	0.5	0	9	0	0	0	244	0	0.04	0	0
52	侧降落伞	8	cejiangluosan	1	可安装于侧面使用的降落伞	0.5	0	0	0	0	0	0	0	0	0	0
53	结构零件（小）	8	jiegoulingjian1	1	用于连接火箭配件，轻而坚固	0.04	0	0	0	0	0	0	0	0	0	0
54	结构零件（中）	8	jiegoulingjian2	1	用于连接火箭配件，轻而坚固	0.08	0	0	0	0	0	0	0	0	0	0
55	结构零件（大）	8	jiegoulingjian3	1	用于连接火箭配件，轻而坚固	0.16	0	0	0	0	0	0	0	0	0	0
56	结构零件（超大）	8	jiegoulingjian4	1	用于连接火箭配件，轻而坚固	0.3	0	0	0	0	0	0	0	0	0	0
57	对接口（中）	8	duijiekouzhong	2	用于太空站、车辆对接，可通过对接充能补充能源	0.3	0	0	0	0	0	0	0	0	0	0
58	对接口（大）	8	duijiekouda	3	用于太空站、车辆对接，可通过对接充能补充能源	0.35	0	0	0	0	0	0	0	0	0	0
59	流动轮（大）	8	liudonglunda	1	可用于车辆使用的轮子	0.6	0	0	0	0	0	0	15	0	2	0
60	无人探测机	8	wurenji	1	用于单项任务使用的无人探测机，适合外太空探测车、卫星等。	2.5	0	0	2	0	0	0	0	0	0	0